# all detached_award_procurement_ids found in USAspending that do not exist in Broker as of 28 Apr 2020
# delete this file when you delete backdelete_missing_fpds_deletes.py
22781740
22911260
23486298
24162932
24989655
26341326
26928199
27148495
28880190
29549194
30429487
30533221
30770876
31664101
31999099
32383984
32568785
32644149
33688089
34477035
34484601
34897646
35388798
35707500
36237850
36330201
36661034
36703364
36703365
36873127
37263625
37264098
39104112
39104844
39211076
39316870
40622711
40821797
41034959
41092965
41514531
41515207
41904636
44156133
44231410
44233161
44416656
44812008
45890878
46665207
46672417
46771022
46784815
46833580
47627939
47640081
47640453
48232183
48409422
50534904
51778408
61326410
63839529
63941863
64086969
64357258
64531295
64581448
64652218
65054130
65149350
65170936
65277629
65890679
65956506
65964069
66073500
66086964
66127077
66459168
66521168
66604619
66724383
66761813
66824502
67017045
67345272
67606896
68044959
68210599
68351988
68432369
68837564
68978756
68992275
69477954
70774946
70866769
71284765
71694988
72067026
72150350
72238659
73269115
75120071
76767644
76818525
77126711
77801364
77831568
78362710
78983658
79807969
80121062
80273797
80387064
80424325
80457104
80476133
80623334
80629554
80629555
80699017
80703316
80717351
80724299
80737631
80738038
80786789
80787157
80918279
80918649
81015611
81016975
81023416
81029672
81064451
81067983
81069150
81116898
81170647
81171468
81184645
81204919
81208906
81256055
81260422
81265158
81370316
81371027
81373031
81389117
81471096
81471321
81471810
81472772
81473482
81473703
81474182
81479089
81480023
81480262
81538075
81547234
81601058
81607600
81794542
81845286
81939256
81945077
81947083
81951020
81959015
82091866
82681898
82751971
82804858
82805466
82805467
82807495
82814512
82815358
82815656
83086466
83087841
83119220
83119969
83124487
83317142
83440635
83502362
83526411
84584726
84595306
84596044
84596186
84596261
84596391
84596462
84597005
84706693
84886908
86076448
90272091
90456424
90488612
90510472
90855347
90927121
91171276
91280166
91457669
91457670
91614736
92077000
92156651
93084904
93510300
93975680
94032631
94715084
94899774
94998455
95597624
95615685
95672772
95712429
95807628
95918941
96098877
96775483
96835498
97036105
97220411
97303214
97368273
97388701
97445033
97519862
97773501
98275608
98294878
98477844
98794936
99371244
99519067
99711641
100766522
101885928
102094625
102445544
102528498
102561833
103074863
103074864
103074865
103074866
103074867
103074868
103074869
103074870
103074871
103074872
103074873
103074874
103074875
103074876
103074877
103074878
103074879
103074880
103074881
103074882
103074883
103074884
103074885
103074886
103074887
103074888
103074889
103086889
103167240
104167132
104171659
104536654
104545020
104757754
104954932
106248187
107014395
113232241
114711989
115116992
115119430
115119431
115315396
115315397
115459509
116351499
116434721
118011710
118207300
118777151
119301322
119339193
119599456
120710143
120717943
120717944
120717945
120717947
120717954
120717955
120717977
120736993
120802489
120817068
121188773
121259374
122256383
122865656
122865657
122865658
123033959
123033960
123033961
123033962
123104676
123104680
123104686
123104689
123104691
123109889
123109892
123203644
123284974
123340338
123862942
123988512
123992093
124073231
124522418
124580483
124781213
124932362
125896843
125905188
126894357
126894358
126894359
126894360
127401194
127748570
127750852
129908211
129917027
130065994
130368377
130564803
130824401
130824402
130959095
131423301
131524536
131676567
131758146
132073939
132185004
132628037
132630638
132756836
132817176
132817178
132980573
133083370
133099079
133099081
133099281
133099294
133195455
133869603
134139933
134306688
134312400
134430199
134430205
134468189
134561607
134781768
134781769
134807377
134909325
134909326
134909327
134911749
134914032
134914033
134949642
135038797
135064950
135099942
135184277
135209572
135209573
135209576
135371364
135747313
135765842
135825938
135871483
135976124
135976125
135976126
136011684
136404975
136613005
136613012
136627767
136627770
136890984
137011871
137014163
137437573
137586607
137586608
137586853
137765649
137770202
137794453
137873278
138052113
138122352
138324349
138404715
138404716
138404717
138404718
138412085
138412086
138412087
138412088
138412089
138412090
138412091
138412092
138412093
138412094
138412095
138412096
138412097
138412098
138412099
138412100
138412101
138412102
138412103
138412104
138412105
138412106
138412107
138412108
138412109
138412110
138412111
138557865
138588737
138760950
138805326
138993842
138993843
138993870
139354733
139384273
139419545
139433893
139524420
139524840
139561137
139625119
139625426
139646801
139716204
139716468
139772333
139772352
139792636
139799752
139799757
140518560
140555817
140657802
140738222
140836701
140986599
141022729
141022733
141045179
141046828
141060275
141148132
141155184
141158973
141196344
141234458
141240838
141347954
141347959
141347962
141373804
141457601
141481309
141481317
141607976
141630048
141665354
141673523
142116531
142135016
142135325
142155668
142160873
142163195
142184613
142267673
142276190
142298500
142300641
142336952
142377569
142400069
142447396
142447405
142455972
142486838
142498596
142509658
142510052
142602908
142856265
142856328
142856342
142863125
142863974
142864369
142912399
142994052
142994071
142994072
143002661
143002662
143002663
143026112
143162329
143174759
143176226
143176229
143176235
143188587
143189940
143190508
143190684
143190686
143347621
143354416
143355226
143355228
143355229
143355230
143394172
143394275
143394276
143501353
143776153
143817746
143819650
143820877
143912843
143926789
143940662
143947668
144001785
144001840
144004187
144005861
144005862
144005865
144005866
144005867
144005868
144005869
144093218
144093715
144093739
144095422
144145591
144162401
144165710
144166088
144321181
144322012
144322144
144322217
144322218
144322219
144322220
144322221
144322222
144322223
144323422
144372480
144373212
144374774
144375290
144425427
144428391
144433382
144526365
144526372
144533245
144533357
144660562
144788220
144836273
144836274
144875238
144896638
144956302
144956309
144988887
145003624
145003956
145088651
145089573
145089577
145098171
145148071
145174660
145183837
145184201
145247740
145295131
145295698
145312166
145318715
145320794
145373170
145414702
145892696
145903368
145920895
145927598
145927660
145937971
145937974
145937975
146006661
146007457
146007458
146007459
146007460
146007461
146007462
146007463
146007464
146007465
146007468
146007469
146007470
146007471
146007472
146007474
146007475
146007477
146323189
146356186
146356480
146362413
146364267
146430913
146704734
146784811
